698174523
621539847
643781290
657920134
689315742
604182957
676541823
618239405
659870213
623145789
647982351
691253874
635709142
682314597
614895273
670412938
699581246
608723154
651294837
627530981
673918425
640281759
686703214
616954382
660128947
645839271
693472518
602874195
655391824
629147530
678205941
641790283
684312759
610928374
663584192
637140958
695218743
607491382
652803719
625614938
671359204
648270531
688143972
613728405
658942137
631085294
680417529
606752381
654190873
620973145
674528913
642815790
690234851
617349208
662581734
639204187
697813452
603648915
656230748
624781359
675093281
644527918
687910324
611432875
661859243
636715490
694381527
609174832
653820491
628593714
672046185
646238957
685724310
615098423
664312587
632847109
681539274
601294758
657381942
626150837
679842315
643570128
692415783
619783254
665024891
638951472
696230145
604879321
650318974
622746583
677195208
640923817
689047531
614260985
668731249
633592714
683154906
605223744
612847391
634905218